Labels: apple, banana, chickpea, coconut, coffee, cotton, grapes, maize, mango, muskmelon, onion, orange, papaya, pomegranate, potato, rice, sugarcane, tomato, watermelon, wheat

[[ 20   0   0   0   0   0   0   0   0   0   0   0   0   0   0   0   0   0
    0   0]
 [  0  20   0   0   0   0   0   0   0   0   0   0   0   0   0   0   0   0
    0   0]
 [  0   0 140   0   0   0   0   0   0   0   0   0   0   0   0   0   0   0
    0   0]
 [  0   0   0  20   0   0   0   0   0   0   0   0   0   0   0   0   0   0
    0   0]
 [  0   0   0   0  19   0   0   0   0   0   0   0   0   0   0   0   1   0
    0   0]
 [  0   0   0   0   0  40   0   0   0   0   0   0   0   0   0   0   0   0
    0   0]
 [  0   0   0   0   0   0  20   0   0   0   0   0   0   0   0   0   0   0
    0   0]
 [  0   0   0   0   0   0   0  20   0   0   0   0   0   0   0   0   0   0
    0   0]
 [  0   0   0   0   0   0   0   0  20   0   0   0   0   0   0   0   0   0
    0   0]
 [  0   0   0   0   0   0   0   0   0  20   0   0   0   0   0   0   0   0
    0   0]
 [  0   1   0   0   0   0   0   0   0   0  72   0   0   0  14   0   1   7
    0   5]
 [  0   0   0   0   0   0   0   0   0   0   0  20   0   0   0   0   0   0
    0   0]
 [  0   0   0   0   0   0   0   0   0   0   0   0  20   0   0   0   0   0
    0   0]
 [  0   0   0   0   0   0   0   0   0   0   0   0   0  20   0   0   0   0
    0   0]
 [  0   0   0   0   0   0   0   0   0   0  11   0   0   0  73   0   0  13
    0   3]
 [  0   0   0   0   0   1   0   0   0   0   0   0   0   0   0  19   0   0
    0   0]
 [  0   0   0   0   0   1   0   0   0   0   1   0   1   0   0   0  81  12
    1   3]
 [  0   1   0   0   0   2   0   0   0   0  13   0   1   0   8   0  12  61
    0   2]
 [  0   0   0   0   0   0   0   0   0   0   0   0   0   0   0   0   0   0
   20   0]
 [  0   0   0   0   0   0   0   5   0   0   8   0   0   0   1   0   2   4
    0  80]]